X	Y	flickr	survey	popcount
469893.65015872	1241311.99149234	0.00000000	1.00000000	0.00000000
479893.65015872	1241311.99149234	0.00000000	1.00000000	0.00000000
439893.65015872	1231311.99149234	0.00000000	1.00000000	0.00000000
449893.65015872	1231311.99149234	0.00000000	1.00000000	0.00000000
459893.65015872	1231311.99149234	0.00000000	1.00000000	0.00000000
469893.65015872	1231311.99149234	0.00000000	1.00000000	0.00000000
479893.65015872	1231311.99149234	0.00000000	1.00000000	0.00000000
429893.65015872	1221311.99149234	0.00000000	1.00000000	0.00000000
439893.65015872	1221311.99149234	0.00000000	2.00000000	0.00000000
449893.65015872	1221311.99149234	0.00000000	2.00000000	0.00000000
459893.65015872	1221311.99149234	3.00000000	5.00000000	13.00816154
469893.65015872	1221311.99149234	0.00000000	2.00000000	0.07951947
479893.65015872	1221311.99149234	0.00000000	2.00000000	0.00000000
429893.65015872	1211311.99149234	0.00000000	2.00000000	0.00000000
439893.65015872	1211311.99149234	0.00000000	2.00000000	0.00000000
449893.65015872	1211311.99149234	0.00000000	3.00000000	0.00000000
459893.65015872	1211311.99149234	3.00000000	3.00000000	315.51928711
469893.65015872	1211311.99149234	1.00000000	2.00000000	16.52434921
479893.65015872	1211311.99149234	0.00000000	2.00000000	0.00000000
419893.65015872	1201311.99149234	0.00000000	2.00000000	0.00000000
429893.65015872	1201311.99149234	0.00000000	2.00000000	0.00000000
439893.65015872	1201311.99149234	0.00000000	3.00000000	0.00000000
449893.65015872	1201311.99149234	1.00000000	6.00000000	174.65469360
459893.65015872	1201311.99149234	0.00000000	6.00000000	312.02200317
469893.65015872	1201311.99149234	0.00000000	2.00000000	1.84993851
479893.65015872	1201311.99149234	0.00000000	2.00000000	0.00000000
409893.65015872	1191311.99149234	0.00000000	1.00000000	0.00000000
419893.65015872	1191311.99149234	0.00000000	2.00000000	2.74320865
429893.65015872	1191311.99149234	0.00000000	3.00000000	111.62567902
439893.65015872	1191311.99149234	0.00000000	4.00000000	394.38983154
449893.65015872	1191311.99149234	0.00000000	3.00000000	388.98599243
459893.65015872	1191311.99149234	1.00000000	4.00000000	151.10708618
469893.65015872	1191311.99149234	2.00000000	3.00000000	56.09760284
479893.65015872	1191311.99149234	0.00000000	1.00000000	0.00000000
409893.65015872	1181311.99149234	0.00000000	2.00000000	0.00000000
419893.65015872	1181311.99149234	3.00000000	3.00000000	60.23220062
429893.65015872	1181311.99149234	1.00000000	5.00000000	229.45292664
439893.65015872	1181311.99149234	0.00000000	3.00000000	597.66351318
449893.65015872	1181311.99149234	0.00000000	4.00000000	207.32673645
459893.65015872	1181311.99149234	0.00000000	3.00000000	0.00000000
469893.65015872	1181311.99149234	0.00000000	2.00000000	0.00000000
479893.65015872	1181311.99149234	0.00000000	1.00000000	0.00000000
399893.65015872	1171311.99149234	0.00000000	1.00000000	0.00000000
409893.65015872	1171311.99149234	0.00000000	2.00000000	0.26875624
419893.65015872	1171311.99149234	0.00000000	2.00000000	0.00000000
429893.65015872	1171311.99149234	0.00000000	3.00000000	105.21645355
439893.65015872	1171311.99149234	0.00000000	3.00000000	799.93572998
449893.65015872	1171311.99149234	0.00000000	4.00000000	181.39433289
459893.65015872	1171311.99149234	1.00000000	3.00000000	99.93654633
469893.65015872	1171311.99149234	0.00000000	2.00000000	130.78900146
389893.65015872	1161311.99149234	0.00000000	1.00000000	0.00000000
399893.65015872	1161311.99149234	0.00000000	1.00000000	0.00000000
409893.65015872	1161311.99149234	0.00000000	3.00000000	0.48127955
419893.65015872	1161311.99149234	1.00000000	3.00000000	114.40773010
429893.65015872	1161311.99149234	1.00000000	2.00000000	218.72924805
439893.65015872	1161311.99149234	2.00000000	4.00000000	625.77038574
449893.65015872	1161311.99149234	1.00000000	4.00000000	837.14703369
459893.65015872	1161311.99149234	0.00000000	3.00000000	579.95825195
469893.65015872	1161311.99149234	0.00000000	2.00000000	0.00000000
379893.65015872	1151311.99149234	0.00000000	1.00000000	0.00000000
389893.65015872	1151311.99149234	0.00000000	1.00000000	0.00000000
399893.65015872	1151311.99149234	0.00000000	2.00000000	0.00000000
409893.65015872	1151311.99149234	0.00000000	2.00000000	0.00000000
419893.65015872	1151311.99149234	1.00000000	2.00000000	404.79968262
429893.65015872	1151311.99149234	6.00000000	2.00000000	481.88470459
439893.65015872	1151311.99149234	1.00000000	4.00000000	610.48803711
449893.65015872	1151311.99149234	0.00000000	5.00000000	261.47442627
459893.65015872	1151311.99149234	0.00000000	4.00000000	0.00000000
469893.65015872	1151311.99149234	0.00000000	1.00000000	0.00000000
369893.65015872	1141311.99149234	0.00000000	1.00000000	0.00000000
379893.65015872	1141311.99149234	0.00000000	1.00000000	0.00000000
389893.65015872	1141311.99149234	0.00000000	1.00000000	25.34776878
399893.65015872	1141311.99149234	2.00000000	1.00000000	44.33813095
409893.65015872	1141311.99149234	0.00000000	1.00000000	0.00000000
419893.65015872	1141311.99149234	0.00000000	1.00000000	23.45429420
429893.65015872	1141311.99149234	2.00000000	2.00000000	222.58079529
439893.65015872	1141311.99149234	0.00000000	4.00000000	1419.85278320
449893.65015872	1141311.99149234	20.00000000	9.00000000	7013.27148438
459893.65015872	1141311.99149234	4.00000000	6.00000000	0.00000000
469893.65015872	1141311.99149234	0.00000000	1.00000000	0.00000000
369893.65015872	1131311.99149234	0.00000000	1.00000000	0.00000000
379893.65015872	1131311.99149234	0.00000000	1.00000000	0.00000000
389893.65015872	1131311.99149234	0.00000000	1.00000000	0.93370032
399893.65015872	1131311.99149234	0.00000000	1.00000000	12.30625057
409893.65015872	1131311.99149234	0.00000000	1.00000000	0.00000000
419893.65015872	1131311.99149234	0.00000000	1.00000000	0.00000000
429893.65015872	1131311.99149234	0.00000000	3.00000000	9.34845924
439893.65015872	1131311.99149234	4.00000000	4.00000000	2991.84277344
449893.65015872	1131311.99149234	0.00000000	4.00000000	265.93218994
459893.65015872	1131311.99149234	0.00000000	3.00000000	0.00000000
469893.65015872	1131311.99149234	0.00000000	1.00000000	0.00000000
379893.65015872	1121311.99149234	0.00000000	1.00000000	0.00000000
389893.65015872	1121311.99149234	0.00000000	1.00000000	0.00000000
399893.65015872	1121311.99149234	0.00000000	1.00000000	0.00000000
409893.65015872	1121311.99149234	0.00000000	1.00000000	0.00000000
419893.65015872	1121311.99149234	0.00000000	1.00000000	0.00000000
429893.65015872	1121311.99149234	0.00000000	3.00000000	0.05564323
439893.65015872	1121311.99149234	25.00000000	4.00000000	1054.75671387
449893.65015872	1121311.99149234	3.00000000	5.00000000	40.75891495
459893.65015872	1121311.99149234	0.00000000	2.00000000	0.00000000
409893.65015872	1111311.99149234	0.00000000	1.00000000	0.00000000
419893.65015872	1111311.99149234	0.00000000	1.00000000	0.00000000
429893.65015872	1111311.99149234	0.00000000	3.00000000	44.91887665
439893.65015872	1111311.99149234	17.00000000	9.00000000	501.33560181
449893.65015872	1111311.99149234	0.00000000	3.00000000	0.00000000
459893.65015872	1111311.99149234	0.00000000	1.00000000	0.00000000
419893.65015872	1101311.99149234	0.00000000	1.00000000	0.00000000
429893.65015872	1101311.99149234	0.00000000	1.00000000	0.00000000
439893.65015872	1101311.99149234	0.00000000	2.00000000	0.00000000
449893.65015872	1101311.99149234	0.00000000	3.00000000	0.00000000
459893.65015872	1101311.99149234	0.00000000	1.00000000	0.00000000
399893.65015872	1091311.99149234	0.00000000	1.00000000	0.00000000
409893.65015872	1091311.99149234	0.00000000	1.00000000	0.00000000
419893.65015872	1091311.99149234	0.00000000	1.00000000	0.00000000
429893.65015872	1091311.99149234	0.00000000	1.00000000	0.00000000
439893.65015872	1091311.99149234	0.00000000	1.00000000	0.00000000
449893.65015872	1091311.99149234	0.00000000	1.00000000	0.00000000
399893.65015872	1081311.99149234	0.00000000	1.00000000	0.00000000
409893.65015872	1081311.99149234	0.00000000	1.00000000	0.00000000
419893.65015872	1081311.99149234	0.00000000	2.00000000	0.00000000
429893.65015872	1081311.99149234	0.00000000	1.00000000	0.00000000
439893.65015872	1081311.99149234	0.00000000	1.00000000	0.00000000
449893.65015872	1081311.99149234	0.00000000	1.00000000	0.00000000
399893.65015872	1071311.99149234	0.00000000	1.00000000	0.00000000
409893.65015872	1071311.99149234	0.00000000	2.00000000	0.00000000
419893.65015872	1071311.99149234	41.00000000	3.00000000	183.00405884
429893.65015872	1071311.99149234	0.00000000	2.00000000	0.00000000
439893.65015872	1071311.99149234	0.00000000	1.00000000	0.00000000
449893.65015872	1071311.99149234	0.00000000	1.00000000	0.00000000
329893.65015872	1061311.99149234	0.00000000	1.00000000	0.00000000
339893.65015872	1061311.99149234	0.00000000	1.00000000	0.00000000
349893.65015872	1061311.99149234	0.00000000	1.00000000	9.98713875
359893.65015872	1061311.99149234	0.00000000	1.00000000	0.00000000
369893.65015872	1061311.99149234	0.00000000	1.00000000	0.00000000
379893.65015872	1061311.99149234	0.00000000	1.00000000	34.07177734
389893.65015872	1061311.99149234	0.00000000	1.00000000	0.00000000
399893.65015872	1061311.99149234	0.00000000	1.00000000	0.00000000
409893.65015872	1061311.99149234	0.00000000	1.00000000	0.00000000
419893.65015872	1061311.99149234	0.00000000	2.00000000	0.00000000
429893.65015872	1061311.99149234	0.00000000	2.00000000	0.00000000
439893.65015872	1061311.99149234	0.00000000	1.00000000	0.00000000
319893.65015872	1051311.99149234	0.00000000	1.00000000	0.00000000
329893.65015872	1051311.99149234	0.00000000	1.00000000	0.00000000
339893.65015872	1051311.99149234	3.00000000	1.00000000	175.25743103
349893.65015872	1051311.99149234	0.00000000	2.00000000	127.37620544
359893.65015872	1051311.99149234	0.00000000	2.00000000	0.00000000
369893.65015872	1051311.99149234	2.00000000	3.00000000	34.17147827
379893.65015872	1051311.99149234	5.00000000	3.00000000	73.82328796
389893.65015872	1051311.99149234	0.00000000	1.00000000	0.00000000
399893.65015872	1051311.99149234	0.00000000	1.00000000	0.00000000
409893.65015872	1051311.99149234	0.00000000	1.00000000	0.00000000
419893.65015872	1051311.99149234	0.00000000	1.00000000	0.00000000
429893.65015872	1051311.99149234	0.00000000	1.00000000	0.00000000
279893.65015872	1041311.99149234	0.00000000	1.00000000	0.00000000
319893.65015872	1041311.99149234	0.00000000	2.00000000	0.00000000
329893.65015872	1041311.99149234	0.00000000	2.00000000	0.00000000
339893.65015872	1041311.99149234	0.00000000	2.00000000	73.75505066
349893.65015872	1041311.99149234	1.00000000	2.00000000	131.93963623
359893.65015872	1041311.99149234	0.00000000	2.00000000	169.08161926
369893.65015872	1041311.99149234	0.00000000	3.00000000	320.24752808
379893.65015872	1041311.99149234	0.00000000	3.00000000	38.18066406
389893.65015872	1041311.99149234	0.00000000	1.00000000	0.00000000
269893.65015872	1031311.99149234	0.00000000	1.00000000	0.00000000
279893.65015872	1031311.99149234	0.00000000	1.00000000	0.00000000
319893.65015872	1031311.99149234	4.00000000	9.00000000	1.77002621
329893.65015872	1031311.99149234	2.00000000	9.00000000	239.94287109
339893.65015872	1031311.99149234	3.00000000	10.00000000	398.88000488
349893.65015872	1031311.99149234	0.00000000	4.00000000	111.54592896
359893.65015872	1031311.99149234	0.00000000	4.00000000	200.92819214
369893.65015872	1031311.99149234	0.00000000	3.00000000	39.15481567
379893.65015872	1031311.99149234	0.00000000	3.00000000	0.00000000
389893.65015872	1031311.99149234	0.00000000	1.00000000	0.00000000
159893.65015872	1021311.99149234	0.00000000	1.00000000	0.00000000
259893.65015872	1021311.99149234	0.00000000	1.00000000	0.18907338
269893.65015872	1021311.99149234	0.00000000	1.00000000	0.00000000
279893.65015872	1021311.99149234	0.00000000	1.00000000	0.00000000
299893.65015872	1021311.99149234	0.00000000	1.00000000	0.00000000
309893.65015872	1021311.99149234	0.00000000	1.00000000	0.00000000
319893.65015872	1021311.99149234	18.00000000	10.00000000	231.22062683
329893.65015872	1021311.99149234	11.00000000	11.00000000	1085.09240723
339893.65015872	1021311.99149234	1.00000000	12.00000000	477.72839355
349893.65015872	1021311.99149234	0.00000000	9.00000000	590.09375000
359893.65015872	1021311.99149234	1.00000000	5.00000000	63.10975647
369893.65015872	1021311.99149234	0.00000000	3.00000000	159.37503052
379893.65015872	1021311.99149234	0.00000000	3.00000000	0.00000000
389893.65015872	1021311.99149234	0.00000000	1.00000000	0.00000000
149893.65015872	1011311.99149234	0.00000000	1.00000000	0.00000000
159893.65015872	1011311.99149234	0.00000000	1.00000000	0.00000000
169893.65015872	1011311.99149234	0.00000000	1.00000000	0.00000000
249893.65015872	1011311.99149234	0.00000000	1.00000000	0.00000000
259893.65015872	1011311.99149234	0.00000000	1.00000000	0.00000000
269893.65015872	1011311.99149234	0.00000000	1.00000000	0.00000000
299893.65015872	1011311.99149234	0.00000000	1.00000000	0.00000000
309893.65015872	1011311.99149234	0.00000000	3.00000000	0.00000000
319893.65015872	1011311.99149234	2.00000000	12.00000000	967.49530029
329893.65015872	1011311.99149234	12.00000000	12.00000000	1590.99511719
339893.65015872	1011311.99149234	7.00000000	10.00000000	2809.00268555
349893.65015872	1011311.99149234	6.00000000	10.00000000	4808.30810547
359893.65015872	1011311.99149234	7.00000000	7.00000000	43.53685379
369893.65015872	1011311.99149234	0.00000000	3.00000000	8.08989334
379893.65015872	1011311.99149234	0.00000000	3.00000000	0.00000000
389893.65015872	1011311.99149234	0.00000000	1.00000000	0.00000000
239893.65015872	1001311.99149234	0.00000000	1.00000000	0.00000000
249893.65015872	1001311.99149234	0.00000000	1.00000000	0.00000000
259893.65015872	1001311.99149234	0.00000000	1.00000000	0.00000000
269893.65015872	1001311.99149234	0.00000000	1.00000000	0.00000000
289893.65015872	1001311.99149234	0.00000000	1.00000000	0.00000000
299893.65015872	1001311.99149234	0.00000000	2.00000000	0.00000000
309893.65015872	1001311.99149234	0.00000000	4.00000000	0.00000000
319893.65015872	1001311.99149234	1.00000000	7.00000000	584.31970215
329893.65015872	1001311.99149234	2.00000000	10.00000000	479.41821289
339893.65015872	1001311.99149234	2.00000000	9.00000000	492.60650635
349893.65015872	1001311.99149234	1.00000000	9.00000000	1584.66821289
359893.65015872	1001311.99149234	1.00000000	8.00000000	308.93319702
369893.65015872	1001311.99149234	0.00000000	3.00000000	0.00000000
379893.65015872	1001311.99149234	0.00000000	1.00000000	0.00000000
389893.65015872	1001311.99149234	0.00000000	1.00000000	0.00000000
139893.65015872	991311.99149234	0.00000000	1.00000000	0.00000000
149893.65015872	991311.99149234	0.00000000	1.00000000	0.00000000
159893.65015872	991311.99149234	0.00000000	1.00000000	0.00000000
169893.65015872	991311.99149234	0.00000000	1.00000000	0.00000000
179893.65015872	991311.99149234	0.00000000	1.00000000	0.00000000
189893.65015872	991311.99149234	0.00000000	1.00000000	0.00000000
199893.65015872	991311.99149234	0.00000000	1.00000000	0.00000000
209893.65015872	991311.99149234	0.00000000	1.00000000	0.00000000
229893.65015872	991311.99149234	0.00000000	2.00000000	0.00000000
239893.65015872	991311.99149234	0.00000000	2.00000000	0.00000000
249893.65015872	991311.99149234	0.00000000	2.00000000	0.00000000
259893.65015872	991311.99149234	0.00000000	1.00000000	0.00000000
269893.65015872	991311.99149234	0.00000000	2.00000000	0.00000000
279893.65015872	991311.99149234	0.00000000	2.00000000	0.00000000
289893.65015872	991311.99149234	0.00000000	2.00000000	0.00000000
299893.65015872	991311.99149234	0.00000000	2.00000000	0.00000000
309893.65015872	991311.99149234	0.00000000	5.00000000	0.00000000
319893.65015872	991311.99149234	0.00000000	6.00000000	76.16365051
329893.65015872	991311.99149234	0.00000000	8.00000000	256.09649658
339893.65015872	991311.99149234	2.00000000	8.00000000	310.91378784
349893.65015872	991311.99149234	2.00000000	8.00000000	320.39947510
359893.65015872	991311.99149234	0.00000000	4.00000000	0.00000000
369893.65015872	991311.99149234	0.00000000	3.00000000	0.00000000
379893.65015872	991311.99149234	0.00000000	1.00000000	0.00000000
129893.65015872	981311.99149234	0.00000000	2.00000000	0.00000000
139893.65015872	981311.99149234	0.00000000	2.00000000	0.00000000
149893.65015872	981311.99149234	0.00000000	2.00000000	0.00000000
159893.65015872	981311.99149234	0.00000000	1.00000000	0.00000000
169893.65015872	981311.99149234	0.00000000	1.00000000	0.00000000
179893.65015872	981311.99149234	0.00000000	1.00000000	0.00000000
189893.65015872	981311.99149234	0.00000000	2.00000000	0.00000000
199893.65015872	981311.99149234	0.00000000	2.00000000	0.00000000
209893.65015872	981311.99149234	0.00000000	4.00000000	0.00000000
219893.65015872	981311.99149234	0.00000000	7.00000000	0.09215543
229893.65015872	981311.99149234	0.00000000	6.00000000	0.07665404
239893.65015872	981311.99149234	0.00000000	2.00000000	0.00000000
249893.65015872	981311.99149234	0.00000000	2.00000000	0.00000000
259893.65015872	981311.99149234	0.00000000	2.00000000	0.00000000
269893.65015872	981311.99149234	0.00000000	2.00000000	0.00000000
279893.65015872	981311.99149234	0.00000000	2.00000000	0.00000000
289893.65015872	981311.99149234	0.00000000	2.00000000	0.00000000
299893.65015872	981311.99149234	0.00000000	2.00000000	0.00000000
309893.65015872	981311.99149234	0.00000000	4.00000000	0.00000000
319893.65015872	981311.99149234	0.00000000	8.00000000	6.80010557
329893.65015872	981311.99149234	0.00000000	7.00000000	8.70581818
339893.65015872	981311.99149234	8.00000000	8.00000000	67.26817322
349893.65015872	981311.99149234	1.00000000	7.00000000	71.48636627
359893.65015872	981311.99149234	0.00000000	4.00000000	0.00000000
369893.65015872	981311.99149234	0.00000000	2.00000000	0.00000000
379893.65015872	981311.99149234	0.00000000	1.00000000	0.00000000
109893.65015872	971311.99149234	0.00000000	3.00000000	0.00000000
119893.65015872	971311.99149234	0.00000000	3.00000000	0.00000000
129893.65015872	971311.99149234	0.00000000	3.00000000	0.00000000
139893.65015872	971311.99149234	0.00000000	4.00000000	0.00000000
149893.65015872	971311.99149234	4.00000000	6.00000000	59.71297455
159893.65015872	971311.99149234	0.00000000	6.00000000	0.00000000
169893.65015872	971311.99149234	0.00000000	6.00000000	0.00000000
179893.65015872	971311.99149234	0.00000000	3.00000000	0.00000000
189893.65015872	971311.99149234	0.00000000	3.00000000	0.00000000
199893.65015872	971311.99149234	0.00000000	4.00000000	0.00000000
209893.65015872	971311.99149234	0.00000000	6.00000000	0.00000000
219893.65015872	971311.99149234	0.00000000	9.00000000	17.00453568
229893.65015872	971311.99149234	0.00000000	11.00000000	97.94618225
239893.65015872	971311.99149234	7.00000000	13.00000000	43.84054947
249893.65015872	971311.99149234	0.00000000	8.00000000	31.26815224
259893.65015872	971311.99149234	0.00000000	6.00000000	12.48818016
269893.65015872	971311.99149234	0.00000000	6.00000000	0.00000000
279893.65015872	971311.99149234	1.00000000	9.00000000	2.69902611
289893.65015872	971311.99149234	0.00000000	9.00000000	0.00000000
299893.65015872	971311.99149234	0.00000000	11.00000000	156.48840332
309893.65015872	971311.99149234	3.00000000	12.00000000	6266.72802734
319893.65015872	971311.99149234	4.00000000	17.00000000	474.65942383
329893.65015872	971311.99149234	1.00000000	14.00000000	644.42016602
339893.65015872	971311.99149234	7.00000000	14.00000000	298.45639038
349893.65015872	971311.99149234	0.00000000	4.00000000	0.00000000
359893.65015872	971311.99149234	0.00000000	1.00000000	0.00000000
369893.65015872	971311.99149234	0.00000000	1.00000000	0.00000000
89893.65015872	961311.99149234	0.00000000	1.00000000	0.00000000
99893.65015872	961311.99149234	0.00000000	2.00000000	0.00000000
109893.65015872	961311.99149234	0.00000000	3.00000000	0.00000000
119893.65015872	961311.99149234	0.00000000	4.00000000	0.00000000
129893.65015872	961311.99149234	0.00000000	7.00000000	0.00000000
139893.65015872	961311.99149234	0.00000000	9.00000000	77.76746368
149893.65015872	961311.99149234	2.00000000	11.00000000	694.43530273
159893.65015872	961311.99149234	0.00000000	8.00000000	172.75958252
169893.65015872	961311.99149234	0.00000000	7.00000000	0.00000000
179893.65015872	961311.99149234	0.00000000	5.00000000	0.00000000
189893.65015872	961311.99149234	0.00000000	6.00000000	0.00000000
199893.65015872	961311.99149234	0.00000000	7.00000000	0.00000000
209893.65015872	961311.99149234	0.00000000	10.00000000	0.00000000
219893.65015872	961311.99149234	1.00000000	11.00000000	71.74859619
229893.65015872	961311.99149234	0.00000000	10.00000000	114.83464050
239893.65015872	961311.99149234	0.00000000	13.00000000	98.23126221
249893.65015872	961311.99149234	1.00000000	12.00000000	104.81493378
259893.65015872	961311.99149234	1.00000000	13.00000000	104.38508606
269893.65015872	961311.99149234	3.00000000	12.00000000	117.96701050
279893.65015872	961311.99149234	1.00000000	11.00000000	171.69335938
289893.65015872	961311.99149234	0.00000000	12.00000000	162.65718079
299893.65015872	961311.99149234	0.00000000	12.00000000	677.90875244
309893.65015872	961311.99149234	0.00000000	12.00000000	2297.42504883
319893.65015872	961311.99149234	0.00000000	13.00000000	517.42706299
329893.65015872	961311.99149234	0.00000000	12.00000000	760.14227295
339893.65015872	961311.99149234	0.00000000	10.00000000	134.43290710
349893.65015872	961311.99149234	0.00000000	4.00000000	0.00000000
359893.65015872	961311.99149234	0.00000000	2.00000000	0.00000000
369893.65015872	961311.99149234	0.00000000	1.00000000	0.00000000
79893.65015872	951311.99149234	0.00000000	1.00000000	0.00000000
89893.65015872	951311.99149234	0.00000000	2.00000000	0.00000000
99893.65015872	951311.99149234	0.00000000	3.00000000	0.00000000
109893.65015872	951311.99149234	0.00000000	8.00000000	0.02419992
119893.65015872	951311.99149234	0.00000000	10.00000000	0.05132082
129893.65015872	951311.99149234	1.00000000	10.00000000	147.70072937
139893.65015872	951311.99149234	0.00000000	10.00000000	551.11242676
149893.65015872	951311.99149234	0.00000000	11.00000000	809.74884033
159893.65015872	951311.99149234	0.00000000	10.00000000	104.12834167
169893.65015872	951311.99149234	0.00000000	9.00000000	0.00000000
179893.65015872	951311.99149234	0.00000000	7.00000000	0.00000000
189893.65015872	951311.99149234	0.00000000	8.00000000	0.00000000
199893.65015872	951311.99149234	0.00000000	9.00000000	0.00000000
209893.65015872	951311.99149234	3.00000000	12.00000000	4.17427111
219893.65015872	951311.99149234	2.00000000	12.00000000	70.00126648
229893.65015872	951311.99149234	0.00000000	11.00000000	114.49405670
239893.65015872	951311.99149234	0.00000000	12.00000000	113.94869232
249893.65015872	951311.99149234	0.00000000	10.00000000	116.74240875
259893.65015872	951311.99149234	0.00000000	12.00000000	119.66208649
269893.65015872	951311.99149234	0.00000000	10.00000000	149.57760620
279893.65015872	951311.99149234	0.00000000	10.00000000	134.59329224
329893.65015872	951311.99149234	0.00000000	11.00000000	636.94665527
339893.65015872	951311.99149234	4.00000000	11.00000000	7688.01757813
349893.65015872	951311.99149234	0.00000000	3.00000000	0.00000000
359893.65015872	951311.99149234	0.00000000	2.00000000	0.00000000
59893.65015872	941311.99149234	0.00000000	1.00000000	0.00000000
69893.65015872	941311.99149234	0.00000000	2.00000000	0.59508163
79893.65015872	941311.99149234	0.00000000	2.00000000	0.00000000
89893.65015872	941311.99149234	0.00000000	4.00000000	0.00000000
99893.65015872	941311.99149234	0.00000000	10.00000000	2.93741846
109893.65015872	941311.99149234	0.00000000	13.00000000	35.93915939
119893.65015872	941311.99149234	3.00000000	13.00000000	376.23617554
129893.65015872	941311.99149234	0.00000000	10.00000000	684.64550781
139893.65015872	941311.99149234	1.00000000	12.00000000	1369.81262207
149893.65015872	941311.99149234	2.00000000	11.00000000	778.39080811
159893.65015872	941311.99149234	0.00000000	11.00000000	106.11893463
169893.65015872	941311.99149234	0.00000000	10.00000000	0.00000000
179893.65015872	941311.99149234	0.00000000	9.00000000	0.00000000
189893.65015872	941311.99149234	0.00000000	8.00000000	0.00000000
199893.65015872	941311.99149234	0.00000000	11.00000000	1.57689667
209893.65015872	941311.99149234	0.00000000	12.00000000	2.79626155
219893.65015872	941311.99149234	0.00000000	11.00000000	108.38067627
229893.65015872	941311.99149234	0.00000000	8.00000000	115.37928009
319893.65015872	941311.99149234	0.00000000	11.00000000	555.39074707
329893.65015872	941311.99149234	0.00000000	10.00000000	424.45059204
339893.65015872	941311.99149234	0.00000000	5.00000000	34.00149155
349893.65015872	941311.99149234	0.00000000	2.00000000	0.00000000
359893.65015872	941311.99149234	0.00000000	1.00000000	0.00000000
59893.65015872	931311.99149234	0.00000000	1.00000000	0.00000000
69893.65015872	931311.99149234	0.00000000	2.00000000	0.00000000
79893.65015872	931311.99149234	0.00000000	4.00000000	0.00000000
89893.65015872	931311.99149234	0.00000000	5.00000000	0.00000000
99893.65015872	931311.99149234	0.00000000	14.00000000	63.93955612
109893.65015872	931311.99149234	1.00000000	14.00000000	141.00059509
119893.65015872	931311.99149234	0.00000000	12.00000000	267.42184448
129893.65015872	931311.99149234	0.00000000	12.00000000	1063.70190430
139893.65015872	931311.99149234	3.00000000	12.00000000	7495.15185547
149893.65015872	931311.99149234	0.00000000	11.00000000	2142.88037109
159893.65015872	931311.99149234	0.00000000	11.00000000	111.34928131
169893.65015872	931311.99149234	0.00000000	10.00000000	0.00000000
179893.65015872	931311.99149234	0.00000000	9.00000000	0.00000000
189893.65015872	931311.99149234	0.00000000	8.00000000	0.00000000
199893.65015872	931311.99149234	3.00000000	13.00000000	20.57767677
209893.65015872	931311.99149234	0.00000000	14.00000000	110.06397247
219893.65015872	931311.99149234	3.00000000	11.00000000	109.51768494
229893.65015872	931311.99149234	0.00000000	9.00000000	107.71377563
309893.65015872	931311.99149234	1.00000000	11.00000000	366.10516357
319893.65015872	931311.99149234	0.00000000	11.00000000	121.72367096
329893.65015872	931311.99149234	0.00000000	7.00000000	0.00000000
339893.65015872	931311.99149234	0.00000000	4.00000000	0.00000000
349893.65015872	931311.99149234	0.00000000	1.00000000	0.00000000
359893.65015872	931311.99149234	0.00000000	1.00000000	0.00000000
59893.65015872	921311.99149234	0.00000000	2.00000000	0.00000000
69893.65015872	921311.99149234	0.00000000	3.00000000	0.00000000
79893.65015872	921311.99149234	0.00000000	4.00000000	0.00000000
89893.65015872	921311.99149234	0.00000000	10.00000000	0.00000000
99893.65015872	921311.99149234	0.00000000	16.00000000	80.89482880
109893.65015872	921311.99149234	0.00000000	14.00000000	143.30508423
119893.65015872	921311.99149234	0.00000000	12.00000000	198.22746277
129893.65015872	921311.99149234	1.00000000	12.00000000	215.21551514
139893.65015872	921311.99149234	3.00000000	13.00000000	439.19778442
149893.65015872	921311.99149234	0.00000000	12.00000000	0.00000000
159893.65015872	921311.99149234	0.00000000	10.00000000	0.00000000
169893.65015872	921311.99149234	0.00000000	10.00000000	0.00000000
179893.65015872	921311.99149234	0.00000000	10.00000000	0.00000000
189893.65015872	921311.99149234	0.00000000	10.00000000	0.00000000
199893.65015872	921311.99149234	0.00000000	15.00000000	18.42335129
209893.65015872	921311.99149234	27.00000000	15.00000000	132.08363342
219893.65015872	921311.99149234	1.00000000	9.00000000	174.01925659
229893.65015872	921311.99149234	0.00000000	8.00000000	185.93478394
299893.65015872	921311.99149234	0.00000000	12.00000000	302.62847900
309893.65015872	921311.99149234	0.00000000	11.00000000	201.82176208
319893.65015872	921311.99149234	0.00000000	10.00000000	0.00000000
329893.65015872	921311.99149234	0.00000000	4.00000000	0.00000000
339893.65015872	921311.99149234	0.00000000	4.00000000	0.00000000
349893.65015872	921311.99149234	0.00000000	1.00000000	0.00000000
-106.34984128	911311.99149234	0.00000000	1.00000000	0.00000000
9893.65015872	911311.99149234	0.00000000	2.00000000	0.00000000
19893.65015872	911311.99149234	0.00000000	2.00000000	0.24627927
59893.65015872	911311.99149234	0.00000000	2.00000000	0.00000000
69893.65015872	911311.99149234	0.00000000	3.00000000	0.00000000
79893.65015872	911311.99149234	0.00000000	4.00000000	0.00000000
89893.65015872	911311.99149234	0.00000000	11.00000000	1.03972816
99893.65015872	911311.99149234	2.00000000	14.00000000	124.01451111
109893.65015872	911311.99149234	0.00000000	13.00000000	220.39686584
119893.65015872	911311.99149234	1.00000000	11.00000000	335.25109863
129893.65015872	911311.99149234	0.00000000	13.00000000	217.38725281
139893.65015872	911311.99149234	0.00000000	13.00000000	103.69692230
149893.65015872	911311.99149234	0.00000000	12.00000000	0.00000000
159893.65015872	911311.99149234	0.00000000	10.00000000	0.00000000
169893.65015872	911311.99149234	0.00000000	10.00000000	0.00000000
179893.65015872	911311.99149234	0.00000000	11.00000000	0.00000000
189893.65015872	911311.99149234	1.00000000	16.00000000	1.90257919
199893.65015872	911311.99149234	1.00000000	19.00000000	160.51911926
209893.65015872	911311.99149234	3.00000000	16.00000000	235.90660095
289893.65015872	911311.99149234	0.00000000	14.00000000	269.87280273
299893.65015872	911311.99149234	0.00000000	13.00000000	124.89231873
309893.65015872	911311.99149234	0.00000000	7.00000000	0.15974003
319893.65015872	911311.99149234	0.00000000	4.00000000	0.00000000
329893.65015872	911311.99149234	0.00000000	4.00000000	0.00000000
339893.65015872	911311.99149234	0.00000000	4.00000000	0.00000000
-10106.34984128	901311.99149234	0.00000000	1.00000000	0.00000000
-106.34984128	901311.99149234	1.00000000	2.00000000	0.00000000
9893.65015872	901311.99149234	4.00000000	3.00000000	18.99768066
19893.65015872	901311.99149234	0.00000000	2.00000000	2.01054978
59893.65015872	901311.99149234	0.00000000	2.00000000	0.00000000
69893.65015872	901311.99149234	0.00000000	3.00000000	0.00000000
79893.65015872	901311.99149234	0.00000000	5.00000000	0.00000000
89893.65015872	901311.99149234	0.00000000	9.00000000	0.59286159
99893.65015872	901311.99149234	0.00000000	12.00000000	39.45843887
109893.65015872	901311.99149234	1.00000000	13.00000000	124.26039124
119893.65015872	901311.99149234	2.00000000	12.00000000	567.54803467
129893.65015872	901311.99149234	0.00000000	14.00000000	85.76613617
139893.65015872	901311.99149234	1.00000000	14.00000000	15.25011063
149893.65015872	901311.99149234	0.00000000	14.00000000	0.00000000
159893.65015872	901311.99149234	0.00000000	10.00000000	0.00000000
169893.65015872	901311.99149234	0.00000000	11.00000000	0.00000000
179893.65015872	901311.99149234	0.00000000	15.00000000	0.04919777
189893.65015872	901311.99149234	0.00000000	17.00000000	7.54057026
199893.65015872	901311.99149234	0.00000000	18.00000000	28.73467255
209893.65015872	901311.99149234	1.00000000	19.00000000	162.82234192
219893.65015872	901311.99149234	5.00000000	11.00000000	237.31842041
239893.65015872	901311.99149234	0.00000000	8.00000000	143.18530273
249893.65015872	901311.99149234	0.00000000	9.00000000	178.91921997
259893.65015872	901311.99149234	0.00000000	10.00000000	315.26708984
269893.65015872	901311.99149234	0.00000000	11.00000000	974.64166260
279893.65015872	901311.99149234	2.00000000	13.00000000	602.75909424
289893.65015872	901311.99149234	27.00000000	12.00000000	152.27433777
299893.65015872	901311.99149234	0.00000000	9.00000000	0.00000000
309893.65015872	901311.99149234	0.00000000	6.00000000	0.00000000
319893.65015872	901311.99149234	0.00000000	5.00000000	0.00000000
329893.65015872	901311.99149234	0.00000000	4.00000000	0.00000000
-106.34984128	891311.99149234	0.00000000	1.00000000	0.00000000
9893.65015872	891311.99149234	0.00000000	3.00000000	0.00000000
19893.65015872	891311.99149234	0.00000000	1.00000000	0.00000000
29893.65015872	891311.99149234	0.00000000	1.00000000	0.00000000
59893.65015872	891311.99149234	0.00000000	2.00000000	0.00000000
69893.65015872	891311.99149234	0.00000000	4.00000000	0.00000000
79893.65015872	891311.99149234	0.00000000	6.00000000	0.00000000
89893.65015872	891311.99149234	0.00000000	9.00000000	23.22968483
99893.65015872	891311.99149234	3.00000000	12.00000000	186.27989197
109893.65015872	891311.99149234	2.00000000	15.00000000	299.49069214
119893.65015872	891311.99149234	1.00000000	12.00000000	182.45768738
129893.65015872	891311.99149234	0.00000000	12.00000000	0.00000000
139893.65015872	891311.99149234	0.00000000	16.00000000	0.00000000
149893.65015872	891311.99149234	0.00000000	16.00000000	0.00000000
159893.65015872	891311.99149234	0.00000000	14.00000000	0.00000000
169893.65015872	891311.99149234	1.00000000	15.00000000	18.16604805
179893.65015872	891311.99149234	2.00000000	22.00000000	116.89985657
189893.65015872	891311.99149234	1.00000000	21.00000000	120.17614746
199893.65015872	891311.99149234	0.00000000	16.00000000	155.21348572
209893.65015872	891311.99149234	7.00000000	17.00000000	195.99566650
219893.65015872	891311.99149234	0.00000000	13.00000000	223.57183838
239893.65015872	891311.99149234	0.00000000	8.00000000	143.51792908
249893.65015872	891311.99149234	0.00000000	11.00000000	143.51792908
259893.65015872	891311.99149234	4.00000000	12.00000000	224.64610291
269893.65015872	891311.99149234	0.00000000	14.00000000	818.85552979
279893.65015872	891311.99149234	4.00000000	14.00000000	987.20928955
289893.65015872	891311.99149234	0.00000000	9.00000000	274.14920044
299893.65015872	891311.99149234	0.00000000	8.00000000	52.48259735
309893.65015872	891311.99149234	0.00000000	7.00000000	0.00000000
319893.65015872	891311.99149234	0.00000000	6.00000000	0.00000000
329893.65015872	891311.99149234	0.00000000	6.00000000	0.00000000
339893.65015872	891311.99149234	0.00000000	3.00000000	0.00000000
349893.65015872	891311.99149234	0.00000000	2.00000000	0.00000000
359893.65015872	891311.99149234	0.00000000	1.00000000	0.00000000
369893.65015872	891311.99149234	0.00000000	1.00000000	0.00000000
379893.65015872	891311.99149234	0.00000000	1.00000000	0.00000000
389893.65015872	891311.99149234	0.00000000	1.00000000	0.00000000
399893.65015872	891311.99149234	0.00000000	1.00000000	0.00000000
409893.65015872	891311.99149234	0.00000000	1.00000000	0.00000000
59893.65015872	881311.99149234	0.00000000	3.00000000	0.44722658
69893.65015872	881311.99149234	0.00000000	6.00000000	0.00000000
79893.65015872	881311.99149234	0.00000000	9.00000000	25.84575462
89893.65015872	881311.99149234	3.00000000	14.00000000	116.66717529
99893.65015872	881311.99149234	1.00000000	15.00000000	19.70241547
109893.65015872	881311.99149234	0.00000000	13.00000000	16.36331558
119893.65015872	881311.99149234	0.00000000	15.00000000	0.00000000
129893.65015872	881311.99149234	0.00000000	16.00000000	0.00000000
139893.65015872	881311.99149234	0.00000000	19.00000000	4.96423388
149893.65015872	881311.99149234	0.00000000	19.00000000	0.03463008
159893.65015872	881311.99149234	0.00000000	17.00000000	0.00000000
169893.65015872	881311.99149234	0.00000000	15.00000000	13.11713123
179893.65015872	881311.99149234	2.00000000	22.00000000	177.17271423
189893.65015872	881311.99149234	4.00000000	22.00000000	262.19799805
199893.65015872	881311.99149234	0.00000000	15.00000000	189.94862366
209893.65015872	881311.99149234	0.00000000	13.00000000	215.97720337
219893.65015872	881311.99149234	0.00000000	13.00000000	235.20390320
259893.65015872	881311.99149234	0.00000000	12.00000000	842.03247070
269893.65015872	881311.99149234	0.00000000	16.00000000	2594.55126953
279893.65015872	881311.99149234	0.00000000	17.00000000	4049.98364258
289893.65015872	881311.99149234	0.00000000	16.00000000	1162.43432617
299893.65015872	881311.99149234	0.00000000	10.00000000	0.00000000
309893.65015872	881311.99149234	0.00000000	8.00000000	0.00000000
319893.65015872	881311.99149234	0.00000000	7.00000000	0.00000000
329893.65015872	881311.99149234	0.00000000	5.00000000	0.00000000
339893.65015872	881311.99149234	0.00000000	4.00000000	0.00000000
349893.65015872	881311.99149234	0.00000000	2.00000000	0.00000000
359893.65015872	881311.99149234	0.00000000	1.00000000	0.00000000
369893.65015872	881311.99149234	0.00000000	1.00000000	0.00000000
379893.65015872	881311.99149234	0.00000000	1.00000000	0.00000000
389893.65015872	881311.99149234	0.00000000	1.00000000	0.00000000
399893.65015872	881311.99149234	0.00000000	1.00000000	0.00000000
409893.65015872	881311.99149234	0.00000000	1.00000000	0.00000000
419893.65015872	881311.99149234	0.00000000	1.00000000	0.00000000
59893.65015872	871311.99149234	0.00000000	4.00000000	0.00000000
69893.65015872	871311.99149234	5.00000000	9.00000000	111.81360626
79893.65015872	871311.99149234	3.00000000	11.00000000	352.31198120
89893.65015872	871311.99149234	2.00000000	15.00000000	315.09686279
99893.65015872	871311.99149234	0.00000000	15.00000000	62.63315964
109893.65015872	871311.99149234	0.00000000	15.00000000	0.00000000
119893.65015872	871311.99149234	0.00000000	19.00000000	5.60643768
129893.65015872	871311.99149234	0.00000000	18.00000000	14.79744053
139893.65015872	871311.99149234	1.00000000	21.00000000	260.75885010
149893.65015872	871311.99149234	6.00000000	22.00000000	131.34146118
159893.65015872	871311.99149234	1.00000000	17.00000000	0.00000000
169893.65015872	871311.99149234	0.00000000	13.00000000	10.21249199
179893.65015872	871311.99149234	1.00000000	18.00000000	176.38694763
189893.65015872	871311.99149234	0.00000000	17.00000000	190.60606384
259893.65015872	871311.99149234	0.00000000	12.00000000	1416.53015137
269893.65015872	871311.99149234	5.00000000	18.00000000	5157.23925781
279893.65015872	871311.99149234	8.00000000	20.00000000	1703.90502930
289893.65015872	871311.99149234	0.00000000	16.00000000	0.69162971
299893.65015872	871311.99149234	0.00000000	15.00000000	3.11678529
309893.65015872	871311.99149234	11.00000000	17.00000000	2061.18237305
319893.65015872	871311.99149234	17.00000000	21.00000000	10182.78027344
329893.65015872	871311.99149234	4.00000000	21.00000000	906.78033447
339893.65015872	871311.99149234	0.00000000	17.00000000	4439.55761719
349893.65015872	871311.99149234	15.00000000	16.00000000	2940.47485352
359893.65015872	871311.99149234	2.00000000	15.00000000	846.36126709
369893.65015872	871311.99149234	1.00000000	8.00000000	2798.52246094
379893.65015872	871311.99149234	16.00000000	12.00000000	469.20672607
389893.65015872	871311.99149234	0.00000000	12.00000000	776.15435791
399893.65015872	871311.99149234	8.00000000	12.00000000	13207.10546875
409893.65015872	871311.99149234	0.00000000	4.00000000	1.21471000
419893.65015872	871311.99149234	0.00000000	1.00000000	0.00000000
429893.65015872	871311.99149234	0.00000000	1.00000000	0.00000000
59893.65015872	861311.99149234	0.00000000	5.00000000	22.88048172
69893.65015872	861311.99149234	0.00000000	8.00000000	15.44482613
79893.65015872	861311.99149234	4.00000000	11.00000000	318.20187378
89893.65015872	861311.99149234	4.00000000	13.00000000	277.75183105
99893.65015872	861311.99149234	0.00000000	12.00000000	0.00000000
109893.65015872	861311.99149234	0.00000000	15.00000000	0.00000000
119893.65015872	861311.99149234	0.00000000	21.00000000	80.52029419
129893.65015872	861311.99149234	1.00000000	22.00000000	113.02226257
139893.65015872	861311.99149234	1.00000000	22.00000000	392.98010254
149893.65015872	861311.99149234	2.00000000	22.00000000	358.79586792
159893.65015872	861311.99149234	0.00000000	17.00000000	27.87235832
169893.65015872	861311.99149234	0.00000000	15.00000000	23.62376976
179893.65015872	861311.99149234	1.00000000	16.00000000	100.53814697
189893.65015872	861311.99149234	0.00000000	15.00000000	138.29537964
249893.65015872	861311.99149234	1.00000000	10.00000000	4531.51074219
259893.65015872	861311.99149234	2.00000000	18.00000000	2113.57568359
269893.65015872	861311.99149234	7.00000000	34.00000000	2972.72216797
279893.65015872	861311.99149234	2.00000000	28.00000000	1333.99487305
289893.65015872	861311.99149234	4.00000000	21.00000000	2968.24169922
299893.65015872	861311.99149234	6.00000000	23.00000000	9927.91601563
309893.65015872	861311.99149234	7.00000000	20.00000000	2211.84204102
319893.65015872	861311.99149234	2.00000000	16.00000000	23015.97265625
329893.65015872	861311.99149234	7.00000000	21.00000000	3476.20117188
339893.65015872	861311.99149234	8.00000000	20.00000000	6981.95996094
349893.65015872	861311.99149234	0.00000000	15.00000000	3287.23632813
359893.65015872	861311.99149234	3.00000000	16.00000000	3538.48950195
369893.65015872	861311.99149234	1.00000000	14.00000000	5532.33447266
379893.65015872	861311.99149234	6.00000000	15.00000000	2862.26586914
389893.65015872	861311.99149234	1.00000000	14.00000000	3064.00219727
399893.65015872	861311.99149234	6.00000000	14.00000000	3081.76025391
409893.65015872	861311.99149234	1.00000000	20.00000000	987.54705811
419893.65015872	861311.99149234	0.00000000	1.00000000	0.00000000
429893.65015872	861311.99149234	0.00000000	1.00000000	0.00000000
49893.65015872	851311.99149234	0.00000000	1.00000000	0.00000000
59893.65015872	851311.99149234	0.00000000	5.00000000	0.00000000
69893.65015872	851311.99149234	0.00000000	7.00000000	9.34729004
79893.65015872	851311.99149234	5.00000000	10.00000000	1274.46533203
89893.65015872	851311.99149234	0.00000000	15.00000000	200.99908447
99893.65015872	851311.99149234	0.00000000	15.00000000	0.00000000
109893.65015872	851311.99149234	6.00000000	20.00000000	26.00151825
119893.65015872	851311.99149234	7.00000000	23.00000000	235.70393372
129893.65015872	851311.99149234	0.00000000	24.00000000	369.97335815
139893.65015872	851311.99149234	2.00000000	24.00000000	680.61090088
149893.65015872	851311.99149234	0.00000000	24.00000000	1156.91027832
159893.65015872	851311.99149234	0.00000000	18.00000000	59.86837769
169893.65015872	851311.99149234	4.00000000	18.00000000	72.23080444
179893.65015872	851311.99149234	2.00000000	18.00000000	94.17557526
189893.65015872	851311.99149234	3.00000000	15.00000000	101.50478363
199893.65015872	851311.99149234	0.00000000	11.00000000	106.43289948
249893.65015872	851311.99149234	33.00000000	10.00000000	5641.65429688
259893.65015872	851311.99149234	8.00000000	15.00000000	3884.93481445
269893.65015872	851311.99149234	14.00000000	33.00000000	2698.56958008
279893.65015872	851311.99149234	34.00000000	27.00000000	4423.09912109
289893.65015872	851311.99149234	5.00000000	19.00000000	1783.98571777
299893.65015872	851311.99149234	0.00000000	12.00000000	1857.96105957
399893.65015872	851311.99149234	0.00000000	11.00000000	3392.38110352
409893.65015872	851311.99149234	3.00000000	13.00000000	16095.97265625
419893.65015872	851311.99149234	0.00000000	4.00000000	0.00000000
429893.65015872	851311.99149234	0.00000000	2.00000000	0.00000000
49893.65015872	841311.99149234	0.00000000	2.00000000	0.00000000
59893.65015872	841311.99149234	0.00000000	6.00000000	0.00000000
69893.65015872	841311.99149234	1.00000000	8.00000000	0.72958362
79893.65015872	841311.99149234	2.00000000	11.00000000	465.13952637
89893.65015872	841311.99149234	0.00000000	15.00000000	110.86481476
99893.65015872	841311.99149234	0.00000000	14.00000000	0.00000000
109893.65015872	841311.99149234	0.00000000	19.00000000	0.00000000
119893.65015872	841311.99149234	0.00000000	21.00000000	200.75901794
129893.65015872	841311.99149234	1.00000000	23.00000000	186.94587708
139893.65015872	841311.99149234	1.00000000	22.00000000	648.84143066
149893.65015872	841311.99149234	9.00000000	26.00000000	1028.03491211
159893.65015872	841311.99149234	1.00000000	25.00000000	218.96713257
169893.65015872	841311.99149234	29.00000000	18.00000000	50.94546890
179893.65015872	841311.99149234	2.00000000	18.00000000	97.12680817
189893.65015872	841311.99149234	3.00000000	15.00000000	97.09828186
199893.65015872	841311.99149234	0.00000000	12.00000000	126.41837311
249893.65015872	841311.99149234	14.00000000	9.00000000	2407.97631836
259893.65015872	841311.99149234	1.00000000	14.00000000	8698.12207031
269893.65015872	841311.99149234	15.00000000	17.00000000	41737.73046875
279893.65015872	841311.99149234	0.00000000	11.00000000	1897.06237793
399893.65015872	841311.99149234	0.00000000	10.00000000	4458.36914063
409893.65015872	841311.99149234	12.00000000	11.00000000	7982.96240234
419893.65015872	841311.99149234	0.00000000	5.00000000	0.00000000
49893.65015872	831311.99149234	0.00000000	3.00000000	0.00000000
59893.65015872	831311.99149234	0.00000000	6.00000000	0.00000000
69893.65015872	831311.99149234	0.00000000	9.00000000	107.84377289
79893.65015872	831311.99149234	0.00000000	13.00000000	218.35906982
89893.65015872	831311.99149234	0.00000000	15.00000000	19.01393318
99893.65015872	831311.99149234	0.00000000	13.00000000	0.00000000
109893.65015872	831311.99149234	0.00000000	16.00000000	0.00000000
119893.65015872	831311.99149234	0.00000000	18.00000000	0.00007464
129893.65015872	831311.99149234	0.00000000	22.00000000	81.05440521
139893.65015872	831311.99149234	0.00000000	23.00000000	292.74948120
149893.65015872	831311.99149234	7.00000000	24.00000000	362.51910400
159893.65015872	831311.99149234	0.00000000	24.00000000	252.82751465
169893.65015872	831311.99149234	2.00000000	22.00000000	97.45689392
179893.65015872	831311.99149234	4.00000000	22.00000000	123.63526917
189893.65015872	831311.99149234	0.00000000	17.00000000	152.85398865
199893.65015872	831311.99149234	0.00000000	10.00000000	172.19505310
249893.65015872	831311.99149234	0.00000000	10.00000000	503.90747070
259893.65015872	831311.99149234	0.00000000	10.00000000	710.52484131
269893.65015872	831311.99149234	0.00000000	8.00000000	1225.76843262
389893.65015872	831311.99149234	0.00000000	8.00000000	5142.69091797
399893.65015872	831311.99149234	8.00000000	19.00000000	7347.75048828
409893.65015872	831311.99149234	3.00000000	13.00000000	934.89697266
419893.65015872	831311.99149234	0.00000000	3.00000000	0.00000000
49893.65015872	821311.99149234	0.00000000	4.00000000	0.00000000
59893.65015872	821311.99149234	0.00000000	6.00000000	0.00000000
69893.65015872	821311.99149234	0.00000000	10.00000000	181.08200073
79893.65015872	821311.99149234	0.00000000	14.00000000	389.19787598
89893.65015872	821311.99149234	0.00000000	15.00000000	0.00000000
99893.65015872	821311.99149234	0.00000000	14.00000000	0.00000000
109893.65015872	821311.99149234	0.00000000	17.00000000	0.00000000
119893.65015872	821311.99149234	0.00000000	17.00000000	0.00000000
129893.65015872	821311.99149234	0.00000000	20.00000000	21.80950737
139893.65015872	821311.99149234	3.00000000	22.00000000	259.58105469
149893.65015872	821311.99149234	7.00000000	22.00000000	287.79138184
159893.65015872	821311.99149234	5.00000000	24.00000000	330.72537231
169893.65015872	821311.99149234	0.00000000	22.00000000	577.82299805
179893.65015872	821311.99149234	1.00000000	23.00000000	477.28869629
189893.65015872	821311.99149234	6.00000000	15.00000000	146.32893372
199893.65015872	821311.99149234	0.00000000	10.00000000	177.89965820
239893.65015872	821311.99149234	0.00000000	10.00000000	373.41790771
249893.65015872	821311.99149234	0.00000000	10.00000000	450.24310303
259893.65015872	821311.99149234	0.00000000	8.00000000	441.56167603
389893.65015872	821311.99149234	0.00000000	10.00000000	3882.93017578
399893.65015872	821311.99149234	26.00000000	22.00000000	2067.39306641
409893.65015872	821311.99149234	0.00000000	9.00000000	0.00000000
419893.65015872	821311.99149234	0.00000000	1.00000000	0.00000000
39893.65015872	811311.99149234	0.00000000	2.00000000	0.00000000
49893.65015872	811311.99149234	0.00000000	4.00000000	0.00000000
59893.65015872	811311.99149234	0.00000000	5.00000000	0.00000000
69893.65015872	811311.99149234	2.00000000	8.00000000	105.35954285
79893.65015872	811311.99149234	1.00000000	13.00000000	401.86172485
89893.65015872	811311.99149234	0.00000000	15.00000000	0.00000000
99893.65015872	811311.99149234	0.00000000	15.00000000	0.00000000
109893.65015872	811311.99149234	0.00000000	16.00000000	0.00000000
119893.65015872	811311.99149234	0.00000000	20.00000000	0.00000000
129893.65015872	811311.99149234	0.00000000	26.00000000	0.00000000
139893.65015872	811311.99149234	0.00000000	26.00000000	36.21307373
149893.65015872	811311.99149234	1.00000000	26.00000000	58.88323212
159893.65015872	811311.99149234	4.00000000	26.00000000	508.04098511
169893.65015872	811311.99149234	0.00000000	23.00000000	293.31661987
179893.65015872	811311.99149234	0.00000000	16.00000000	127.72088623
189893.65015872	811311.99149234	0.00000000	12.00000000	254.59461975
199893.65015872	811311.99149234	0.00000000	8.00000000	200.91877747
229893.65015872	811311.99149234	0.00000000	9.00000000	370.07461548
239893.65015872	811311.99149234	0.00000000	10.00000000	394.77212524
249893.65015872	811311.99149234	0.00000000	8.00000000	481.77978516
389893.65015872	811311.99149234	85.00000000	13.00000000	53695.50390625
399893.65015872	811311.99149234	16.00000000	13.00000000	6117.89501953
409893.65015872	811311.99149234	0.00000000	3.00000000	0.00000000
419893.65015872	811311.99149234	0.00000000	2.00000000	0.00000000
39893.65015872	801311.99149234	0.00000000	2.00000000	0.00000000
49893.65015872	801311.99149234	0.00000000	4.00000000	0.00000000
59893.65015872	801311.99149234	0.00000000	6.00000000	250.11747742
69893.65015872	801311.99149234	2.00000000	8.00000000	552.08557129
79893.65015872	801311.99149234	0.00000000	10.00000000	34.87794876
89893.65015872	801311.99149234	0.00000000	10.00000000	0.00000000
99893.65015872	801311.99149234	0.00000000	15.00000000	0.00000000
109893.65015872	801311.99149234	0.00000000	16.00000000	0.00000000
119893.65015872	801311.99149234	1.00000000	19.00000000	19.00680923
129893.65015872	801311.99149234	0.00000000	26.00000000	64.51440430
139893.65015872	801311.99149234	1.00000000	25.00000000	106.81816864
149893.65015872	801311.99149234	0.00000000	28.00000000	0.00000000
159893.65015872	801311.99149234	5.00000000	27.00000000	383.87356567
169893.65015872	801311.99149234	7.00000000	22.00000000	91.11962891
179893.65015872	801311.99149234	0.00000000	17.00000000	220.32962036
189893.65015872	801311.99149234	0.00000000	11.00000000	205.21954346
199893.65015872	801311.99149234	0.00000000	8.00000000	230.83691406
219893.65015872	801311.99149234	0.00000000	8.00000000	223.09004211
229893.65015872	801311.99149234	0.00000000	10.00000000	229.71815491
239893.65015872	801311.99149234	0.00000000	10.00000000	375.35556030
389893.65015872	801311.99149234	24.00000000	11.00000000	138514.93750000
399893.65015872	801311.99149234	36.00000000	20.00000000	18186.75585938
409893.65015872	801311.99149234	0.00000000	3.00000000	0.00000000
419893.65015872	801311.99149234	0.00000000	2.00000000	0.00000000
49893.65015872	791311.99149234	0.00000000	3.00000000	0.00000000
59893.65015872	791311.99149234	0.00000000	5.00000000	107.88198090
69893.65015872	791311.99149234	0.00000000	8.00000000	72.32010651
79893.65015872	791311.99149234	0.00000000	9.00000000	0.00000000
89893.65015872	791311.99149234	0.00000000	9.00000000	0.00000000
99893.65015872	791311.99149234	0.00000000	12.00000000	0.00000000
109893.65015872	791311.99149234	0.00000000	15.00000000	0.00000000
119893.65015872	791311.99149234	0.00000000	18.00000000	0.00000000
129893.65015872	791311.99149234	0.00000000	21.00000000	16.25989914
139893.65015872	791311.99149234	0.00000000	23.00000000	115.01483917
149893.65015872	791311.99149234	1.00000000	24.00000000	20.36331940
159893.65015872	791311.99149234	0.00000000	25.00000000	3.79461622
169893.65015872	791311.99149234	1.00000000	23.00000000	214.28633118
179893.65015872	791311.99149234	0.00000000	17.00000000	211.14466858
189893.65015872	791311.99149234	0.00000000	11.00000000	218.31423950
209893.65015872	791311.99149234	0.00000000	9.00000000	185.15098572
219893.65015872	791311.99149234	0.00000000	9.00000000	297.35610962
229893.65015872	791311.99149234	0.00000000	8.00000000	336.14346313
379893.65015872	791311.99149234	0.00000000	9.00000000	2567.35961914
389893.65015872	791311.99149234	10.00000000	11.00000000	10938.30273438
399893.65015872	791311.99149234	0.00000000	6.00000000	0.00000000
409893.65015872	791311.99149234	0.00000000	3.00000000	0.00000000
419893.65015872	791311.99149234	0.00000000	1.00000000	0.00000000
49893.65015872	781311.99149234	0.00000000	4.00000000	0.00000000
59893.65015872	781311.99149234	1.00000000	5.00000000	106.98400879
69893.65015872	781311.99149234	0.00000000	6.00000000	0.00000000
79893.65015872	781311.99149234	0.00000000	9.00000000	0.00000000
89893.65015872	781311.99149234	0.00000000	9.00000000	0.00000000
99893.65015872	781311.99149234	0.00000000	10.00000000	0.00000000
109893.65015872	781311.99149234	0.00000000	12.00000000	0.00000000
119893.65015872	781311.99149234	0.00000000	18.00000000	0.00000000
129893.65015872	781311.99149234	0.00000000	21.00000000	0.00000000
139893.65015872	781311.99149234	2.00000000	23.00000000	17.48992920
149893.65015872	781311.99149234	0.00000000	24.00000000	62.82315826
159893.65015872	781311.99149234	0.00000000	23.00000000	24.63932419
169893.65015872	781311.99149234	0.00000000	20.00000000	124.56174469
179893.65015872	781311.99149234	0.00000000	16.00000000	221.07247925
189893.65015872	781311.99149234	0.00000000	13.00000000	217.63952637
199893.65015872	781311.99149234	0.00000000	11.00000000	173.11791992
209893.65015872	781311.99149234	1.00000000	14.00000000	2460.33618164
219893.65015872	781311.99149234	0.00000000	11.00000000	259.45718384
229893.65015872	781311.99149234	0.00000000	7.00000000	298.25302124
379893.65015872	781311.99149234	0.00000000	8.00000000	2003.40478516
389893.65015872	781311.99149234	57.00000000	13.00000000	475.11846924
399893.65015872	781311.99149234	0.00000000	3.00000000	0.00000000
409893.65015872	781311.99149234	0.00000000	2.00000000	0.00000000
49893.65015872	771311.99149234	0.00000000	3.00000000	0.00000000
59893.65015872	771311.99149234	0.00000000	4.00000000	0.00000000
69893.65015872	771311.99149234	0.00000000	6.00000000	0.00000000
79893.65015872	771311.99149234	0.00000000	7.00000000	0.00000000
89893.65015872	771311.99149234	0.00000000	9.00000000	0.00000000
99893.65015872	771311.99149234	0.00000000	9.00000000	0.00000000
109893.65015872	771311.99149234	0.00000000	12.00000000	0.00000000
119893.65015872	771311.99149234	0.00000000	16.00000000	0.00000000
129893.65015872	771311.99149234	1.00000000	20.00000000	0.00000000
139893.65015872	771311.99149234	2.00000000	27.00000000	19.61286545
149893.65015872	771311.99149234	0.00000000	26.00000000	92.60746765
159893.65015872	771311.99149234	1.00000000	21.00000000	124.42909241
169893.65015872	771311.99149234	0.00000000	16.00000000	119.63027954
179893.65015872	771311.99149234	0.00000000	14.00000000	120.99497223
189893.65015872	771311.99149234	0.00000000	13.00000000	138.29093933
199893.65015872	771311.99149234	0.00000000	15.00000000	134.99877930
209893.65015872	771311.99149234	2.00000000	16.00000000	4818.72900391
219893.65015872	771311.99149234	0.00000000	11.00000000	272.09393311
369893.65015872	771311.99149234	0.00000000	7.00000000	2467.19238281
379893.65015872	771311.99149234	0.00000000	8.00000000	5054.08154297
389893.65015872	771311.99149234	0.00000000	7.00000000	37.40301132
399893.65015872	771311.99149234	0.00000000	3.00000000	0.00000000
409893.65015872	771311.99149234	0.00000000	2.00000000	0.00000000
39893.65015872	761311.99149234	0.00000000	1.00000000	0.00000000
49893.65015872	761311.99149234	0.00000000	3.00000000	0.00000000
59893.65015872	761311.99149234	0.00000000	3.00000000	0.00000000
69893.65015872	761311.99149234	0.00000000	4.00000000	0.00000000
79893.65015872	761311.99149234	0.00000000	6.00000000	0.00000000
89893.65015872	761311.99149234	0.00000000	7.00000000	0.00000000
99893.65015872	761311.99149234	0.00000000	10.00000000	0.00000000
109893.65015872	761311.99149234	0.00000000	17.00000000	0.00000000
119893.65015872	761311.99149234	0.00000000	21.00000000	160.68013000
129893.65015872	761311.99149234	2.00000000	26.00000000	78.46144104
139893.65015872	761311.99149234	1.00000000	32.00000000	26.07225227
149893.65015872	761311.99149234	1.00000000	33.00000000	81.46360779
159893.65015872	761311.99149234	3.00000000	25.00000000	103.75189972
169893.65015872	761311.99149234	2.00000000	20.00000000	184.80786133
179893.65015872	761311.99149234	2.00000000	17.00000000	148.07095337
189893.65015872	761311.99149234	0.00000000	15.00000000	116.41026306
199893.65015872	761311.99149234	1.00000000	18.00000000	143.01878357
209893.65015872	761311.99149234	4.00000000	17.00000000	972.27758789
219893.65015872	761311.99149234	1.00000000	12.00000000	642.56262207
359893.65015872	761311.99149234	0.00000000	9.00000000	2950.55078125
369893.65015872	761311.99149234	15.00000000	20.00000000	10327.94042969
379893.65015872	761311.99149234	2.00000000	10.00000000	459.62237549
389893.65015872	761311.99149234	0.00000000	4.00000000	0.00000000
399893.65015872	761311.99149234	0.00000000	2.00000000	0.00000000
409893.65015872	761311.99149234	0.00000000	2.00000000	0.00000000
39893.65015872	751311.99149234	0.00000000	1.00000000	0.00000000
49893.65015872	751311.99149234	0.00000000	3.00000000	0.00000000
59893.65015872	751311.99149234	0.00000000	3.00000000	0.00000000
69893.65015872	751311.99149234	0.00000000	4.00000000	0.00000000
79893.65015872	751311.99149234	0.00000000	5.00000000	0.00000000
89893.65015872	751311.99149234	0.00000000	14.00000000	21.31153297
99893.65015872	751311.99149234	1.00000000	16.00000000	193.65489197
109893.65015872	751311.99149234	9.00000000	19.00000000	104.93880463
119893.65015872	751311.99149234	2.00000000	20.00000000	176.70019531
129893.65015872	751311.99149234	0.00000000	24.00000000	1.58912289
139893.65015872	751311.99149234	12.00000000	32.00000000	222.42741394
149893.65015872	751311.99149234	3.00000000	34.00000000	261.32797241
159893.65015872	751311.99149234	1.00000000	35.00000000	114.03795624
169893.65015872	751311.99149234	0.00000000	20.00000000	137.05761719
179893.65015872	751311.99149234	0.00000000	16.00000000	171.91485596
189893.65015872	751311.99149234	4.00000000	19.00000000	144.12852478
199893.65015872	751311.99149234	1.00000000	16.00000000	385.31924438
209893.65015872	751311.99149234	1.00000000	14.00000000	407.01712036
219893.65015872	751311.99149234	0.00000000	12.00000000	294.56567383
359893.65015872	751311.99149234	0.00000000	9.00000000	3949.35498047
369893.65015872	751311.99149234	1.00000000	12.00000000	4128.20361328
379893.65015872	751311.99149234	0.00000000	4.00000000	0.00000000
389893.65015872	751311.99149234	0.00000000	2.00000000	0.00000000
399893.65015872	751311.99149234	0.00000000	2.00000000	0.00000000
49893.65015872	741311.99149234	0.00000000	3.00000000	0.00000000
59893.65015872	741311.99149234	0.00000000	3.00000000	0.00000000
69893.65015872	741311.99149234	0.00000000	3.00000000	0.00000000
79893.65015872	741311.99149234	0.00000000	6.00000000	0.00000000
89893.65015872	741311.99149234	0.00000000	14.00000000	37.04381561
99893.65015872	741311.99149234	1.00000000	17.00000000	175.98103333
109893.65015872	741311.99149234	0.00000000	18.00000000	0.00000000
119893.65015872	741311.99149234	0.00000000	18.00000000	0.73462749
129893.65015872	741311.99149234	18.00000000	22.00000000	21.15154076
139893.65015872	741311.99149234	8.00000000	33.00000000	137.60768127
149893.65015872	741311.99149234	11.00000000	35.00000000	197.39381409
159893.65015872	741311.99149234	12.00000000	36.00000000	230.27598572
169893.65015872	741311.99149234	16.00000000	31.00000000	141.50247192
179893.65015872	741311.99149234	0.00000000	30.00000000	90.63245392
189893.65015872	741311.99149234	7.00000000	23.00000000	314.53442383
199893.65015872	741311.99149234	1.00000000	19.00000000	660.00988770
209893.65015872	741311.99149234	1.00000000	13.00000000	451.76251221
219893.65015872	741311.99149234	0.00000000	11.00000000	331.78469849
349893.65015872	741311.99149234	0.00000000	10.00000000	7909.10986328
359893.65015872	741311.99149234	17.00000000	8.00000000	25163.87695313
369893.65015872	741311.99149234	4.00000000	7.00000000	7370.38769531
379893.65015872	741311.99149234	0.00000000	3.00000000	0.00000000
389893.65015872	741311.99149234	0.00000000	1.00000000	0.00000000
399893.65015872	741311.99149234	0.00000000	1.00000000	0.00000000
49893.65015872	731311.99149234	0.00000000	3.00000000	0.00000000
59893.65015872	731311.99149234	0.00000000	3.00000000	0.00000000
69893.65015872	731311.99149234	0.00000000	3.00000000	0.00000000
79893.65015872	731311.99149234	0.00000000	4.00000000	0.00000000
89893.65015872	731311.99149234	0.00000000	9.00000000	0.00000000
99893.65015872	731311.99149234	0.00000000	11.00000000	0.00000000
109893.65015872	731311.99149234	0.00000000	9.00000000	0.00000000
119893.65015872	731311.99149234	0.00000000	14.00000000	0.31370020
129893.65015872	731311.99149234	18.00000000	23.00000000	32.19947433
139893.65015872	731311.99149234	1.00000000	27.00000000	70.54707336
149893.65015872	731311.99149234	7.00000000	29.00000000	261.05950928
159893.65015872	731311.99149234	3.00000000	28.00000000	251.14318848
169893.65015872	731311.99149234	4.00000000	29.00000000	222.01246643
179893.65015872	731311.99149234	6.00000000	30.00000000	188.01541138
189893.65015872	731311.99149234	23.00000000	24.00000000	8588.94726563
199893.65015872	731311.99149234	6.00000000	18.00000000	281.78387451
209893.65015872	731311.99149234	0.00000000	15.00000000	498.95440674
309893.65015872	731311.99149234	8.00000000	9.00000000	8605.22558594
319893.65015872	731311.99149234	1.00000000	8.00000000	2928.88891602
329893.65015872	731311.99149234	0.00000000	9.00000000	12548.41308594
339893.65015872	731311.99149234	35.00000000	12.00000000	110940.94531250
349893.65015872	731311.99149234	45.00000000	13.00000000	40554.17578125
359893.65015872	731311.99149234	0.00000000	9.00000000	3084.45849609
369893.65015872	731311.99149234	0.00000000	3.00000000	0.00000000
379893.65015872	731311.99149234	0.00000000	1.00000000	0.00000000
389893.65015872	731311.99149234	0.00000000	1.00000000	0.00000000
399893.65015872	731311.99149234	0.00000000	1.00000000	0.00000000
59893.65015872	721311.99149234	0.00000000	3.00000000	0.00000000
69893.65015872	721311.99149234	0.00000000	3.00000000	0.00000000
79893.65015872	721311.99149234	0.00000000	4.00000000	0.00000000
89893.65015872	721311.99149234	0.00000000	4.00000000	0.00000000
99893.65015872	721311.99149234	0.00000000	7.00000000	0.00000000
109893.65015872	721311.99149234	0.00000000	7.00000000	0.00000000
119893.65015872	721311.99149234	0.00000000	16.00000000	0.09667152
129893.65015872	721311.99149234	17.00000000	26.00000000	114.76998901
139893.65015872	721311.99149234	1.00000000	27.00000000	205.95845032
149893.65015872	721311.99149234	1.00000000	27.00000000	208.32373047
159893.65015872	721311.99149234	1.00000000	25.00000000	164.03727722
169893.65015872	721311.99149234	1.00000000	25.00000000	99.48799896
179893.65015872	721311.99149234	0.00000000	23.00000000	466.21136475
189893.65015872	721311.99149234	0.00000000	22.00000000	975.84423828
209893.65015872	721311.99149234	0.00000000	14.00000000	297.34442139
219893.65015872	721311.99149234	0.00000000	15.00000000	407.91467285
309893.65015872	721311.99149234	10.00000000	12.00000000	44390.42187500
319893.65015872	721311.99149234	0.00000000	12.00000000	5205.59472656
329893.65015872	721311.99149234	1.00000000	12.00000000	3412.16992188
339893.65015872	721311.99149234	2.00000000	13.00000000	9681.25195313
349893.65015872	721311.99149234	33.00000000	16.00000000	10325.16113281
359893.65015872	721311.99149234	0.00000000	7.00000000	0.00000000
369893.65015872	721311.99149234	0.00000000	2.00000000	0.00000000
379893.65015872	721311.99149234	0.00000000	1.00000000	0.00000000
389893.65015872	721311.99149234	0.00000000	1.00000000	0.00000000
59893.65015872	711311.99149234	0.00000000	3.00000000	0.00000000
69893.65015872	711311.99149234	0.00000000	3.00000000	0.00000000
79893.65015872	711311.99149234	0.00000000	3.00000000	0.00000000
89893.65015872	711311.99149234	0.00000000	4.00000000	0.00000000
99893.65015872	711311.99149234	0.00000000	4.00000000	0.00000000
109893.65015872	711311.99149234	0.00000000	6.00000000	0.00000000
119893.65015872	711311.99149234	0.00000000	12.00000000	0.00000000
129893.65015872	711311.99149234	0.00000000	19.00000000	0.08272199
139893.65015872	711311.99149234	0.00000000	18.00000000	0.00000000
149893.65015872	711311.99149234	0.00000000	14.00000000	0.00000000
159893.65015872	711311.99149234	0.00000000	13.00000000	1.19722509
169893.65015872	711311.99149234	1.00000000	22.00000000	62.34326553
179893.65015872	711311.99149234	4.00000000	22.00000000	293.83328247
189893.65015872	711311.99149234	0.00000000	17.00000000	278.24145508
199893.65015872	711311.99149234	0.00000000	16.00000000	246.42419434
209893.65015872	711311.99149234	3.00000000	18.00000000	415.67248535
219893.65015872	711311.99149234	0.00000000	18.00000000	416.71368408
229893.65015872	711311.99149234	0.00000000	14.00000000	702.15405273
309893.65015872	711311.99149234	0.00000000	11.00000000	2395.41748047
319893.65015872	711311.99149234	0.00000000	11.00000000	5083.55371094
329893.65015872	711311.99149234	0.00000000	9.00000000	7084.03857422
339893.65015872	711311.99149234	0.00000000	11.00000000	10279.28417969
349893.65015872	711311.99149234	9.00000000	11.00000000	9760.66113281
359893.65015872	711311.99149234	4.00000000	10.00000000	2477.65869141
369893.65015872	711311.99149234	0.00000000	2.00000000	0.00000000
379893.65015872	711311.99149234	0.00000000	2.00000000	0.00000000
389893.65015872	711311.99149234	0.00000000	2.00000000	0.00000000
69893.65015872	701311.99149234	0.00000000	3.00000000	0.00000000
79893.65015872	701311.99149234	0.00000000	3.00000000	0.00000000
89893.65015872	701311.99149234	0.00000000	4.00000000	0.00000000
99893.65015872	701311.99149234	0.00000000	4.00000000	0.00000000
109893.65015872	701311.99149234	0.00000000	5.00000000	0.33951175
119893.65015872	701311.99149234	0.00000000	8.00000000	0.00000000
129893.65015872	701311.99149234	0.00000000	11.00000000	0.00000000
139893.65015872	701311.99149234	1.00000000	14.00000000	34.55201721
149893.65015872	701311.99149234	0.00000000	11.00000000	0.00000000
159893.65015872	701311.99149234	0.00000000	15.00000000	11.41696262
169893.65015872	701311.99149234	0.00000000	23.00000000	97.52613068
179893.65015872	701311.99149234	1.00000000	22.00000000	321.52947998
189893.65015872	701311.99149234	0.00000000	16.00000000	486.38839722
199893.65015872	701311.99149234	0.00000000	19.00000000	413.86187744
209893.65015872	701311.99149234	0.00000000	19.00000000	250.46612549
219893.65015872	701311.99149234	0.00000000	15.00000000	400.46994019
229893.65015872	701311.99149234	3.00000000	15.00000000	1493.76147461
279893.65015872	701311.99149234	23.00000000	11.00000000	23500.02148438
289893.65015872	701311.99149234	1.00000000	10.00000000	13049.01367188
329893.65015872	701311.99149234	0.00000000	16.00000000	46646.78515625
339893.65015872	701311.99149234	11.00000000	16.00000000	26483.42382813
349893.65015872	701311.99149234	11.00000000	11.00000000	7538.84179688
359893.65015872	701311.99149234	5.00000000	12.00000000	766.33752441
369893.65015872	701311.99149234	63.00000000	9.00000000	59.76216125
379893.65015872	701311.99149234	0.00000000	2.00000000	0.00000000
389893.65015872	701311.99149234	0.00000000	2.00000000	0.00000000
89893.65015872	691311.99149234	0.00000000	4.00000000	0.00000000
99893.65015872	691311.99149234	0.00000000	4.00000000	0.00000000
109893.65015872	691311.99149234	0.00000000	5.00000000	0.00000000
119893.65015872	691311.99149234	0.00000000	7.00000000	0.00000000
129893.65015872	691311.99149234	0.00000000	15.00000000	13.80526066
139893.65015872	691311.99149234	1.00000000	15.00000000	59.08538818
149893.65015872	691311.99149234	0.00000000	12.00000000	29.61071777
159893.65015872	691311.99149234	2.00000000	15.00000000	132.71403503
169893.65015872	691311.99149234	0.00000000	19.00000000	105.31864929
179893.65015872	691311.99149234	1.00000000	24.00000000	952.74780273
189893.65015872	691311.99149234	0.00000000	22.00000000	1498.38403320
199893.65015872	691311.99149234	0.00000000	21.00000000	332.35647583
209893.65015872	691311.99149234	0.00000000	17.00000000	872.85949707
219893.65015872	691311.99149234	1.00000000	17.00000000	1466.42626953
229893.65015872	691311.99149234	0.00000000	13.00000000	2634.57031250
279893.65015872	691311.99149234	22.00000000	10.00000000	37806.24218750
289893.65015872	691311.99149234	42.00000000	11.00000000	39888.19140625
299893.65015872	691311.99149234	0.00000000	11.00000000	13229.25488281
309893.65015872	691311.99149234	6.00000000	14.00000000	65346.06640625
319893.65015872	691311.99149234	0.00000000	18.00000000	38808.79687500
329893.65015872	691311.99149234	11.00000000	18.00000000	51565.63281250
339893.65015872	691311.99149234	0.00000000	15.00000000	46.48711395
349893.65015872	691311.99149234	0.00000000	14.00000000	0.00000000
359893.65015872	691311.99149234	14.00000000	18.00000000	0.00000000
369893.65015872	691311.99149234	0.00000000	3.00000000	0.00000000
379893.65015872	691311.99149234	0.00000000	1.00000000	0.00000000
389893.65015872	691311.99149234	0.00000000	1.00000000	0.00000000
89893.65015872	681311.99149234	0.00000000	3.00000000	0.00000000
99893.65015872	681311.99149234	0.00000000	4.00000000	0.00000000
109893.65015872	681311.99149234	0.00000000	5.00000000	0.00000000
119893.65015872	681311.99149234	0.00000000	8.00000000	0.00000000
129893.65015872	681311.99149234	0.00000000	13.00000000	1.32541692
139893.65015872	681311.99149234	0.00000000	14.00000000	18.14060020
149893.65015872	681311.99149234	0.00000000	15.00000000	105.39039612
159893.65015872	681311.99149234	0.00000000	18.00000000	90.76774597
169893.65015872	681311.99149234	2.00000000	20.00000000	189.00042725
179893.65015872	681311.99149234	0.00000000	16.00000000	572.06488037
189893.65015872	681311.99149234	1.00000000	21.00000000	1507.18481445
199893.65015872	681311.99149234	0.00000000	21.00000000	540.13122559
209893.65015872	681311.99149234	1.00000000	18.00000000	1427.53320313
219893.65015872	681311.99149234	4.00000000	19.00000000	7700.99511719
229893.65015872	681311.99149234	2.00000000	15.00000000	22444.49218750
239893.65015872	681311.99149234	6.00000000	11.00000000	29132.30664063
249893.65015872	681311.99149234	0.00000000	6.00000000	8653.53125000
259893.65015872	681311.99149234	0.00000000	7.00000000	7227.41601563
269893.65015872	681311.99149234	0.00000000	6.00000000	16922.75585938
279893.65015872	681311.99149234	0.00000000	7.00000000	43886.39062500
289893.65015872	681311.99149234	27.00000000	9.00000000	80609.86718750
299893.65015872	681311.99149234	27.00000000	15.00000000	29179.42773438
309893.65015872	681311.99149234	51.00000000	16.00000000	34785.44531250
319893.65015872	681311.99149234	45.00000000	18.00000000	66643.93750000
329893.65015872	681311.99149234	71.00000000	18.00000000	64118.55468750
339893.65015872	681311.99149234	3.00000000	12.00000000	10894.14746094
349893.65015872	681311.99149234	11.00000000	18.00000000	13681.62890625
359893.65015872	681311.99149234	40.00000000	20.00000000	5067.68945313
369893.65015872	681311.99149234	9.00000000	10.00000000	4530.16308594
379893.65015872	681311.99149234	0.00000000	6.00000000	72.99153900
389893.65015872	681311.99149234	0.00000000	1.00000000	0.00000000
89893.65015872	671311.99149234	0.00000000	3.00000000	0.00000000
99893.65015872	671311.99149234	0.00000000	4.00000000	0.00000000
109893.65015872	671311.99149234	0.00000000	5.00000000	0.00000000
119893.65015872	671311.99149234	0.00000000	9.00000000	66.78596497
129893.65015872	671311.99149234	2.00000000	12.00000000	104.77263641
139893.65015872	671311.99149234	1.00000000	14.00000000	156.74746704
149893.65015872	671311.99149234	0.00000000	17.00000000	179.29669189
159893.65015872	671311.99149234	0.00000000	18.00000000	21.88593102
169893.65015872	671311.99149234	0.00000000	17.00000000	234.98153687
179893.65015872	671311.99149234	0.00000000	12.00000000	445.33682251
189893.65015872	671311.99149234	5.00000000	18.00000000	318.38949585
199893.65015872	671311.99149234	5.00000000	25.00000000	1821.19763184
209893.65015872	671311.99149234	4.00000000	22.00000000	3390.80712891
219893.65015872	671311.99149234	6.00000000	20.00000000	32950.30468750
229893.65015872	671311.99149234	4.00000000	13.00000000	49960.23828125
239893.65015872	671311.99149234	6.00000000	11.00000000	28459.79296875
249893.65015872	671311.99149234	45.00000000	8.00000000	143005.54687500
259893.65015872	671311.99149234	69.00000000	7.00000000	172964.56250000
269893.65015872	671311.99149234	0.00000000	6.00000000	77441.33593750
279893.65015872	671311.99149234	0.00000000	6.00000000	35245.82421875
289893.65015872	671311.99149234	0.00000000	8.00000000	19147.18359375
299893.65015872	671311.99149234	0.00000000	8.00000000	34039.49218750
309893.65015872	671311.99149234	6.00000000	10.00000000	60680.24218750
319893.65015872	671311.99149234	88.00000000	14.00000000	161349.34375000
329893.65015872	671311.99149234	217.00000000	13.00000000	193447.92187500
339893.65015872	671311.99149234	27.00000000	11.00000000	34260.69140625
349893.65015872	671311.99149234	2.00000000	6.00000000	6551.39550781
359893.65015872	671311.99149234	1.00000000	6.00000000	1432.03247070
369893.65015872	671311.99149234	2.00000000	8.00000000	2580.39575195
379893.65015872	671311.99149234	1.00000000	9.00000000	1455.77624512
389893.65015872	671311.99149234	10.00000000	9.00000000	1368.69885254
399893.65015872	671311.99149234	0.00000000	2.00000000	1.63438570
89893.65015872	661311.99149234	0.00000000	3.00000000	0.00000000
99893.65015872	661311.99149234	0.00000000	4.00000000	0.00000000
109893.65015872	661311.99149234	0.00000000	5.00000000	0.00000000
119893.65015872	661311.99149234	3.00000000	10.00000000	115.82544708
129893.65015872	661311.99149234	1.00000000	13.00000000	499.52432251
139893.65015872	661311.99149234	0.00000000	13.00000000	258.99258423
149893.65015872	661311.99149234	0.00000000	17.00000000	75.64228821
159893.65015872	661311.99149234	0.00000000	17.00000000	0.00000000
169893.65015872	661311.99149234	3.00000000	16.00000000	188.42161560
179893.65015872	661311.99149234	6.00000000	13.00000000	601.60498047
189893.65015872	661311.99149234	0.00000000	18.00000000	362.04699707
199893.65015872	661311.99149234	0.00000000	20.00000000	526.13421631
209893.65015872	661311.99149234	5.00000000	23.00000000	3628.45825195
219893.65015872	661311.99149234	8.00000000	27.00000000	12772.21386719
229893.65015872	661311.99149234	0.00000000	10.00000000	9845.88964844
239893.65015872	661311.99149234	0.00000000	6.00000000	46667.75390625
249893.65015872	661311.99149234	7.00000000	5.00000000	169064.45312500
259893.65015872	661311.99149234	86.00000000	7.00000000	347245.65625000
269893.65015872	661311.99149234	0.00000000	5.00000000	181339.21875000
379893.65015872	661311.99149234	0.00000000	5.00000000	1846.30541992
389893.65015872	661311.99149234	11.00000000	8.00000000	4762.45019531
399893.65015872	661311.99149234	0.00000000	6.00000000	571.50299072
89893.65015872	651311.99149234	0.00000000	2.00000000	0.00000000
99893.65015872	651311.99149234	0.00000000	3.00000000	0.00000000
109893.65015872	651311.99149234	0.00000000	7.00000000	0.00000000
119893.65015872	651311.99149234	5.00000000	9.00000000	33.69322205
129893.65015872	651311.99149234	1.00000000	11.00000000	402.50265503
139893.65015872	651311.99149234	2.00000000	10.00000000	880.25848389
149893.65015872	651311.99149234	0.00000000	14.00000000	116.22649384
159893.65015872	651311.99149234	0.00000000	14.00000000	25.46515846
169893.65015872	651311.99149234	1.00000000	17.00000000	263.57806396
179893.65015872	651311.99149234	0.00000000	13.00000000	628.27410889
189893.65015872	651311.99149234	2.00000000	21.00000000	365.95089722
199893.65015872	651311.99149234	1.00000000	22.00000000	256.11242676
209893.65015872	651311.99149234	2.00000000	22.00000000	596.27319336
219893.65015872	651311.99149234	3.00000000	26.00000000	9756.80566406
229893.65015872	651311.99149234	0.00000000	10.00000000	20646.81640625
389893.65015872	651311.99149234	1.00000000	3.00000000	2612.59838867
399893.65015872	651311.99149234	0.00000000	3.00000000	1741.60278320
89893.65015872	641311.99149234	0.00000000	1.00000000	0.00000000
99893.65015872	641311.99149234	0.00000000	2.00000000	0.00000000
109893.65015872	641311.99149234	0.00000000	5.00000000	0.00000000
119893.65015872	641311.99149234	0.00000000	6.00000000	0.00000000
129893.65015872	641311.99149234	0.00000000	10.00000000	259.67001343
139893.65015872	641311.99149234	1.00000000	10.00000000	5.85749531
149893.65015872	641311.99149234	0.00000000	11.00000000	0.00000000
159893.65015872	641311.99149234	0.00000000	13.00000000	18.93490982
169893.65015872	641311.99149234	1.00000000	13.00000000	434.60519409
179893.65015872	641311.99149234	3.00000000	13.00000000	822.36657715
189893.65015872	641311.99149234	1.00000000	20.00000000	918.11669922
199893.65015872	641311.99149234	15.00000000	23.00000000	745.93426514
209893.65015872	641311.99149234	1.00000000	15.00000000	0.00000000
219893.65015872	641311.99149234	3.00000000	13.00000000	10898.85253906
229893.65015872	641311.99149234	26.00000000	9.00000000	59446.87890625
239893.65015872	641311.99149234	0.00000000	3.00000000	56075.75000000
389893.65015872	641311.99149234	0.00000000	2.00000000	2607.78247070
99893.65015872	631311.99149234	0.00000000	1.00000000	0.00000000
109893.65015872	631311.99149234	0.00000000	4.00000000	0.00000000
119893.65015872	631311.99149234	0.00000000	5.00000000	0.00000000
129893.65015872	631311.99149234	0.00000000	8.00000000	0.00000000
139893.65015872	631311.99149234	0.00000000	8.00000000	0.00000000
149893.65015872	631311.99149234	0.00000000	10.00000000	0.00000000
159893.65015872	631311.99149234	0.00000000	13.00000000	30.74268532
169893.65015872	631311.99149234	1.00000000	13.00000000	1170.13146973
179893.65015872	631311.99149234	2.00000000	14.00000000	882.91223145
189893.65015872	631311.99149234	5.00000000	20.00000000	680.97344971
199893.65015872	631311.99149234	12.00000000	24.00000000	977.72613525
209893.65015872	631311.99149234	0.00000000	23.00000000	29.56832504
219893.65015872	631311.99149234	0.00000000	12.00000000	0.00000000
229893.65015872	631311.99149234	10.00000000	10.00000000	17062.47070313
239893.65015872	631311.99149234	8.00000000	4.00000000	18371.47656250
109893.65015872	621311.99149234	0.00000000	2.00000000	0.00000000
119893.65015872	621311.99149234	0.00000000	3.00000000	0.00000000
129893.65015872	621311.99149234	0.00000000	5.00000000	0.00000000
139893.65015872	621311.99149234	0.00000000	8.00000000	0.00000000
149893.65015872	621311.99149234	0.00000000	8.00000000	0.00000000
159893.65015872	621311.99149234	1.00000000	12.00000000	303.94262695
169893.65015872	621311.99149234	1.00000000	13.00000000	3627.42919922
179893.65015872	621311.99149234	1.00000000	14.00000000	101.78292847
189893.65015872	621311.99149234	0.00000000	20.00000000	283.24896240
199893.65015872	621311.99149234	13.00000000	23.00000000	820.17437744
209893.65015872	621311.99149234	0.00000000	23.00000000	2.69545293
219893.65015872	621311.99149234	0.00000000	9.00000000	0.91749024
229893.65015872	621311.99149234	24.00000000	8.00000000	16337.66894531
239893.65015872	621311.99149234	4.00000000	5.00000000	46567.97656250
139893.65015872	611311.99149234	0.00000000	6.00000000	0.00000000
149893.65015872	611311.99149234	0.00000000	8.00000000	0.00000000
159893.65015872	611311.99149234	0.00000000	14.00000000	591.77410889
169893.65015872	611311.99149234	1.00000000	12.00000000	817.96801758
179893.65015872	611311.99149234	0.00000000	11.00000000	44.08110428
189893.65015872	611311.99149234	0.00000000	11.00000000	0.00000000
199893.65015872	611311.99149234	0.00000000	13.00000000	0.00000000
209893.65015872	611311.99149234	0.00000000	13.00000000	0.00000000
219893.65015872	611311.99149234	5.00000000	6.00000000	651.06170654
229893.65015872	611311.99149234	1.00000000	6.00000000	2656.62011719
239893.65015872	611311.99149234	0.00000000	5.00000000	5452.55664063
149893.65015872	601311.99149234	0.00000000	6.00000000	0.00000000
159893.65015872	601311.99149234	0.00000000	11.00000000	5.64595318
169893.65015872	601311.99149234	0.00000000	12.00000000	19.18049049
179893.65015872	601311.99149234	0.00000000	10.00000000	0.00000000
189893.65015872	601311.99149234	0.00000000	7.00000000	0.00000000
199893.65015872	601311.99149234	3.00000000	9.00000000	6.39166689
209893.65015872	601311.99149234	0.00000000	8.00000000	0.00000000
219893.65015872	601311.99149234	0.00000000	6.00000000	5783.41210938
229893.65015872	601311.99149234	0.00000000	5.00000000	1380.93591309
149893.65015872	591311.99149234	0.00000000	2.00000000	0.00000000
159893.65015872	591311.99149234	0.00000000	4.00000000	0.00000000
169893.65015872	591311.99149234	0.00000000	4.00000000	0.00000000
179893.65015872	591311.99149234	0.00000000	5.00000000	0.00000000
189893.65015872	591311.99149234	0.00000000	5.00000000	0.00000000
199893.65015872	591311.99149234	0.00000000	4.00000000	0.00000000
209893.65015872	591311.99149234	1.00000000	4.00000000	806.77502441
219893.65015872	591311.99149234	0.00000000	6.00000000	2820.39013672
159893.65015872	581311.99149234	0.00000000	1.00000000	0.00000000
169893.65015872	581311.99149234	0.00000000	2.00000000	0.00000000
179893.65015872	581311.99149234	0.00000000	3.00000000	0.00000000
189893.65015872	581311.99149234	0.00000000	3.00000000	0.00000000
199893.65015872	581311.99149234	0.00000000	3.00000000	8.39737701
209893.65015872	581311.99149234	1.00000000	4.00000000	400.99435425
219893.65015872	581311.99149234	0.00000000	4.00000000	630.47680664
289893.65015872	581311.99149234	0.00000000	2.00000000	930.57733154
299893.65015872	581311.99149234	8.00000000	3.00000000	10295.10253906
169893.65015872	571311.99149234	0.00000000	2.00000000	0.00000000
179893.65015872	571311.99149234	0.00000000	2.00000000	0.00000000
189893.65015872	571311.99149234	0.00000000	2.00000000	0.00000000
199893.65015872	571311.99149234	1.00000000	7.00000000	1226.19506836
209893.65015872	571311.99149234	0.00000000	6.00000000	527.62152100
239893.65015872	571311.99149234	0.00000000	6.00000000	953.55566406
249893.65015872	571311.99149234	0.00000000	6.00000000	785.37371826
289893.65015872	571311.99149234	0.00000000	2.00000000	1878.16943359
299893.65015872	571311.99149234	12.00000000	4.00000000	26951.74023438
309893.65015872	571311.99149234	1.00000000	5.00000000	2300.12329102
319893.65015872	571311.99149234	3.00000000	2.00000000	4092.47753906
329893.65015872	571311.99149234	1.00000000	1.00000000	5023.58593750
179893.65015872	561311.99149234	0.00000000	1.00000000	0.00000000
189893.65015872	561311.99149234	0.00000000	1.00000000	0.00000000
199893.65015872	561311.99149234	0.00000000	6.00000000	2383.87988281
209893.65015872	561311.99149234	9.00000000	8.00000000	9022.39550781
219893.65015872	561311.99149234	1.00000000	5.00000000	473.97012329
229893.65015872	561311.99149234	0.00000000	5.00000000	917.66345215
239893.65015872	561311.99149234	3.00000000	6.00000000	1031.48315430
249893.65015872	561311.99149234	0.00000000	7.00000000	862.41680908
259893.65015872	561311.99149234	0.00000000	2.00000000	819.34814453
269893.65015872	561311.99149234	1.00000000	2.00000000	2741.72412109
279893.65015872	561311.99149234	2.00000000	2.00000000	5809.72021484
289893.65015872	561311.99149234	0.00000000	5.00000000	2198.40185547
299893.65015872	561311.99149234	6.00000000	5.00000000	1893.60595703
309893.65015872	561311.99149234	17.00000000	4.00000000	2537.69897461
319893.65015872	561311.99149234	0.00000000	3.00000000	15859.06250000
329893.65015872	561311.99149234	0.00000000	2.00000000	8503.93164063
189893.65015872	551311.99149234	0.00000000	1.00000000	0.00000000
199893.65015872	551311.99149234	6.00000000	6.00000000	656.88317871
209893.65015872	551311.99149234	0.00000000	6.00000000	1911.15710449
219893.65015872	551311.99149234	0.00000000	6.00000000	195.70288086
229893.65015872	551311.99149234	0.00000000	6.00000000	535.84979248
239893.65015872	551311.99149234	5.00000000	6.00000000	1231.02685547
249893.65015872	551311.99149234	0.00000000	6.00000000	627.23712158
259893.65015872	551311.99149234	2.00000000	6.00000000	665.72106934
269893.65015872	551311.99149234	7.00000000	4.00000000	2004.49865723
279893.65015872	551311.99149234	1.00000000	6.00000000	1597.30371094
289893.65015872	551311.99149234	4.00000000	9.00000000	512.70697021
299893.65015872	551311.99149234	1.00000000	7.00000000	67.98992920
309893.65015872	551311.99149234	0.00000000	3.00000000	4499.27685547
189893.65015872	541311.99149234	0.00000000	1.00000000	0.00000000
199893.65015872	541311.99149234	0.00000000	2.00000000	0.00000000
209893.65015872	541311.99149234	3.00000000	5.00000000	1180.39965820
219893.65015872	541311.99149234	0.00000000	3.00000000	0.00000000
229893.65015872	541311.99149234	1.00000000	5.00000000	44.21152496
239893.65015872	541311.99149234	0.00000000	7.00000000	987.48297119
249893.65015872	541311.99149234	1.00000000	7.00000000	472.08834839
259893.65015872	541311.99149234	0.00000000	7.00000000	79.29979706
269893.65015872	541311.99149234	0.00000000	4.00000000	283.07476807
279893.65015872	541311.99149234	0.00000000	4.00000000	32.13851166
289893.65015872	541311.99149234	0.00000000	3.00000000	0.00000000
299893.65015872	541311.99149234	0.00000000	2.00000000	736.95098877
199893.65015872	531311.99149234	0.00000000	1.00000000	0.00000000
209893.65015872	531311.99149234	0.00000000	5.00000000	222.71220398
219893.65015872	531311.99149234	0.00000000	5.00000000	26.22689056
229893.65015872	531311.99149234	0.00000000	3.00000000	0.00000000
239893.65015872	531311.99149234	0.00000000	7.00000000	124.35533905
249893.65015872	531311.99149234	0.00000000	8.00000000	147.59840393
259893.65015872	531311.99149234	0.00000000	3.00000000	0.00000000
269893.65015872	531311.99149234	0.00000000	2.00000000	0.00000000
279893.65015872	531311.99149234	0.00000000	2.00000000	0.00000000
289893.65015872	531311.99149234	0.00000000	2.00000000	0.00000000
209893.65015872	521311.99149234	0.00000000	1.00000000	0.00000000
219893.65015872	521311.99149234	0.00000000	2.00000000	0.00000000
229893.65015872	521311.99149234	0.00000000	1.00000000	0.00000000
239893.65015872	521311.99149234	0.00000000	2.00000000	0.00000000
249893.65015872	521311.99149234	0.00000000	2.00000000	0.00000000
259893.65015872	521311.99149234	0.00000000	1.00000000	0.00000000
269893.65015872	521311.99149234	0.00000000	1.00000000	0.00000000
279893.65015872	521311.99149234	0.00000000	1.00000000	0.00000000
